{
 "cells": [
  {
   "cell_type": "code",
   "execution_count": 14,
   "metadata": {},
   "outputs": [
    {
     "name": "stdout",
     "output_type": "stream",
     "text": [
      "Normal: 566, Flooding: 259, Slowloris: 197\n",
      "Normal: 566, Attack: 456\n"
     ]
    }
   ],
   "source": [
    "import pandas as pd\n",
    "data_path = '../csv/expanded_dataset_v1.csv'\n",
    "data = pd.read_csv(data_path)\n",
    "\n",
    "normal_count = data[data['Class']=='normal'].count()[0]\n",
    "flooding_count = data[data['Class']=='flooding'].count()[0]\n",
    "slowloris_count = data[data['Class']=='slowloris'].count()[0]\n",
    "print(\"Normal: {}, Flooding: {}, Slowloris: {}\".format(normal_count, flooding_count, slowloris_count))\n",
    "\n",
    "data = data.replace('flooding', 'attack')\n",
    "data = data.replace('slowloris', 'attack')\n",
    "normal_count = data[data['Class']=='normal'].count()[0]\n",
    "attack_count = data[data['Class']=='attack'].count()[0]\n",
    "print(\"Normal: {}, Attack: {}\".format(normal_count, attack_count))\n",
    "\n",
    "X = data.drop(['Class'], axis=1)\n",
    "Y = data['Class']"
   ]
  },
  {
   "cell_type": "code",
   "execution_count": 15,
   "metadata": {},
   "outputs": [
    {
     "data": {
      "text/plain": [
       "AvgRequestNo          8.503200e-17\n",
       "AvgTimeBetwReq        6.566149e-17\n",
       "AvgTimeBetwRespReq    4.094083e-18\n",
       "AvgDataRate           5.757517e-17\n",
       "AvgPacketNo          -9.364112e-17\n",
       "AvgPacketSize         2.950456e-16\n",
       "AvgConcurrentReq     -9.738894e-17\n",
       "MaxReq                1.803298e-17\n",
       "AvgDuration           2.591969e-16\n",
       "dtype: float64"
      ]
     },
     "execution_count": 15,
     "metadata": {},
     "output_type": "execute_result"
    }
   ],
   "source": [
    "%matplotlib inline \n",
    "from sklearn.preprocessing import scale\n",
    "from sklearn.preprocessing import minmax_scale\n",
    "norm = pd.DataFrame(scale(X), columns=list(X))\n",
    "scaled = pd.DataFrame(minmax_scale(norm, feature_range=(-1, 1)), columns=list(X))\n",
    "norm.mean()\n"
   ]
  },
  {
   "cell_type": "code",
   "execution_count": 17,
   "metadata": {},
   "outputs": [
    {
     "name": "stdout",
     "output_type": "stream",
     "text": [
      "Fitting 10 folds for each of 961 candidates, totalling 9610 fits\n"
     ]
    },
    {
     "name": "stderr",
     "output_type": "stream",
     "text": [
      "[Parallel(n_jobs=-1)]: Done  88 tasks      | elapsed:    1.1s\n",
      "[Parallel(n_jobs=-1)]: Done 688 tasks      | elapsed:    6.4s\n",
      "[Parallel(n_jobs=-1)]: Done 1688 tasks      | elapsed:   15.5s\n",
      "[Parallel(n_jobs=-1)]: Done 3088 tasks      | elapsed:   28.6s\n",
      "[Parallel(n_jobs=-1)]: Done 4888 tasks      | elapsed:   45.0s\n",
      "[Parallel(n_jobs=-1)]: Done 7088 tasks      | elapsed:  1.1min\n",
      "[Parallel(n_jobs=-1)]: Done 9265 tasks      | elapsed:  1.6min\n"
     ]
    },
    {
     "name": "stdout",
     "output_type": "stream",
     "text": [
      "0.827788649706\n"
     ]
    },
    {
     "name": "stderr",
     "output_type": "stream",
     "text": [
      "[Parallel(n_jobs=-1)]: Done 9610 out of 9610 | elapsed:  1.7min finished\n"
     ]
    }
   ],
   "source": [
    "from sklearn.svm import SVC\n",
    "from sklearn.model_selection import cross_val_predict\n",
    "from sklearn.metrics import accuracy_score\n",
    "from sklearn.model_selection import GridSearchCV\n",
    "\n",
    "svm = SVC(kernel='linear')\n",
    "parameters = [{\n",
    "    'C':[x ** y for x, y in zip([2] * 31, range(-15, 16, 1))], \n",
    "    'gamma': [x ** y for x, y in zip([2] * 31, range(-15, 16, 1))],\n",
    "    'kernel': ['rbf'],\n",
    "    'decision_function_shape': ['ovr']\n",
    "}]\n",
    "\n",
    "search = GridSearchCV(svm, parameters, cv=10, n_jobs=-1, verbose=1)\n",
    "search.fit(scaled, Y)\n",
    "accuracy = search.best_score_\n",
    "\n",
    "print(accuracy)"
   ]
  },
  {
   "cell_type": "code",
   "execution_count": 7,
   "metadata": {},
   "outputs": [
    {
     "name": "stdout",
     "output_type": "stream",
     "text": [
      "Populating the interactive namespace from numpy and matplotlib\n",
      "[[-0.14550003  0.37711637  0.77158563  0.97300878  0.98281051  0.84395529\n",
      "   0.61482584  0.35018219  0.09128874 -0.13645656 -0.32132971 -0.46118753\n",
      "  -0.55925174 -0.62065892 -0.6500367  -0.6500367  -0.62065892 -0.55925174\n",
      "  -0.46118753 -0.32132971 -0.13645656  0.09128874  0.35018219  0.61482584\n",
      "   0.84395529  0.98281051  0.97300878  0.77158563  0.37711637 -0.14550003]\n",
      " [ 0.37711637  0.79522584  0.98773718  0.95538608  0.75287196  0.45459318\n",
      "   0.12910458 -0.17404272 -0.42710005 -0.62065892 -0.75773327 -0.84791098\n",
      "  -0.90277665 -0.93286355 -0.94589175 -0.94589175 -0.93286355 -0.90277665\n",
      "  -0.84791098 -0.75773327 -0.62065892 -0.42710005 -0.17404272  0.12910458\n",
      "   0.45459318  0.75287196  0.95538608  0.98773718  0.79522584  0.37711637]\n",
      " [ 0.77158563  0.98773718  0.94345884  0.70065489  0.35018219 -0.02273185\n",
      "  -0.35712049 -0.62065892 -0.80515239 -0.91848491 -0.97669508 -0.99794535\n",
      "  -0.99874851 -0.99205554 -0.98655193 -0.98655193 -0.99205554 -0.99874851\n",
      "  -0.99794535 -0.97669508 -0.91848491 -0.80515239 -0.62065892 -0.35712049\n",
      "  -0.02273185  0.35018219  0.70065489  0.94345884  0.98773718  0.77158563]\n",
      " [ 0.97300878  0.95538608  0.70065489  0.31429664 -0.09867286 -0.46118753\n",
      "  -0.73236077 -0.90277665 -0.98415289 -0.99874851 -0.97127026 -0.92396165\n",
      "  -0.87438263 -0.83496114 -0.81342262 -0.81342262 -0.83496114 -0.87438263\n",
      "  -0.92396165 -0.97127026 -0.99874851 -0.98415289 -0.90277665 -0.73236077\n",
      "  -0.46118753 -0.09867286  0.31429664  0.70065489  0.95538608  0.97300878]\n",
      " [ 0.98281051  0.75287196  0.35018219 -0.09867286 -0.49460739 -0.78200886\n",
      "  -0.94589175 -0.99966033 -0.97127026 -0.89220853 -0.79070657 -0.6887493\n",
      "  -0.60168794 -0.53922183 -0.50679499 -0.50679499 -0.53922183 -0.60168794\n",
      "  -0.6887493  -0.79070657 -0.89220853 -0.97127026 -0.99966033 -0.94589175\n",
      "  -0.78200886 -0.49460739 -0.09867286  0.35018219  0.75287196  0.98281051]\n",
      " [ 0.84395529  0.45459318 -0.02273185 -0.46118753 -0.78200886 -0.95755066\n",
      "  -0.99874851 -0.9378429  -0.81342262 -0.66067124 -0.50679499 -0.37023606\n",
      "  -0.26201862 -0.18788998 -0.15039073 -0.15039073 -0.18788998 -0.26201862\n",
      "  -0.37023606 -0.50679499 -0.66067124 -0.81342262 -0.9378429  -0.99874851\n",
      "  -0.95755066 -0.78200886 -0.46118753 -0.02273185  0.45459318  0.84395529]\n",
      " [ 0.61482584  0.12910458 -0.35712049 -0.73236077 -0.94589175 -0.99874851\n",
      "  -0.92396165 -0.76684587 -0.57086809 -0.37023606 -0.18788998 -0.03680535\n",
      "   0.07725909  0.1528347   0.19031793  0.19031793  0.1528347   0.07725909\n",
      "  -0.03680535 -0.18788998 -0.37023606 -0.57086809 -0.76684587 -0.92396165\n",
      "  -0.99874851 -0.94589175 -0.73236077 -0.35712049  0.12910458  0.61482584]\n",
      " [ 0.35018219 -0.17404272 -0.62065892 -0.90277665 -0.99966033 -0.9378429\n",
      "  -0.76684587 -0.53922183 -0.29854069 -0.07479369  0.11513023  0.26440399\n",
      "   0.37253178  0.44200762  0.47581068  0.47581068  0.44200762  0.37253178\n",
      "   0.26440399  0.11513023 -0.07479369 -0.29854069 -0.53922183 -0.76684587\n",
      "  -0.9378429  -0.99966033 -0.90277665 -0.62065892 -0.17404272  0.35018219]\n",
      " [ 0.09128874 -0.42710005 -0.80515239 -0.98415289 -0.97127026 -0.81342262\n",
      "  -0.57086809 -0.29854069 -0.03680535  0.19031793  0.37253178  0.50892495\n",
      "   0.60366101  0.66252531  0.6905398   0.6905398   0.66252531  0.60366101\n",
      "   0.50892495  0.37253178  0.19031793 -0.03680535 -0.29854069 -0.57086809\n",
      "  -0.81342262 -0.97127026 -0.98415289 -0.80515239 -0.42710005  0.09128874]\n",
      " [-0.13645656 -0.62065892 -0.91848491 -0.99874851 -0.89220853 -0.66067124\n",
      "  -0.37023606 -0.07479369  0.19031793  0.4075647   0.57289642  0.6905398\n",
      "   0.76843049  0.81485835  0.83631926  0.83631926  0.81485835  0.76843049\n",
      "   0.6905398   0.57289642  0.4075647   0.19031793 -0.07479369 -0.37023606\n",
      "  -0.66067124 -0.89220853 -0.99874851 -0.91848491 -0.62065892 -0.13645656]\n",
      " [-0.32132971 -0.75773327 -0.97669508 -0.97127026 -0.79070657 -0.50679499\n",
      "  -0.18788998  0.11513023  0.37253178  0.57289642  0.71755464  0.81485835\n",
      "   0.87557974  0.90977201  0.92490454  0.92490454  0.90977201  0.87557974\n",
      "   0.81485835  0.71755464  0.57289642  0.37253178  0.11513023 -0.18788998\n",
      "  -0.50679499 -0.79070657 -0.97127026 -0.97669508 -0.75773327 -0.32132971]\n",
      " [-0.46118753 -0.84791098 -0.99794535 -0.92396165 -0.6887493  -0.37023606\n",
      "  -0.03680535  0.26440399  0.50892495  0.6905398   0.81485835  0.89332247\n",
      "   0.93869816  0.96219075  0.97185571  0.97185571  0.96219075  0.93869816\n",
      "   0.89332247  0.81485835  0.6905398   0.50892495  0.26440399 -0.03680535\n",
      "  -0.37023606 -0.6887493  -0.92396165 -0.99794535 -0.84791098 -0.46118753]\n",
      " [-0.55925174 -0.90277665 -0.99874851 -0.87438263 -0.60168794 -0.26201862\n",
      "   0.07725909  0.37253178  0.60366101  0.76843049  0.87557974  0.93869816\n",
      "   0.97185571  0.98695304  0.99236356  0.99236356  0.98695304  0.97185571\n",
      "   0.93869816  0.87557974  0.76843049  0.60366101  0.37253178  0.07725909\n",
      "  -0.26201862 -0.60168794 -0.87438263 -0.99874851 -0.90277665 -0.55925174]\n",
      " [-0.62065892 -0.93286355 -0.99205554 -0.83496114 -0.53922183 -0.18788998\n",
      "   0.1528347   0.44200762  0.66252531  0.81485835  0.90977201  0.96219075\n",
      "   0.98695304  0.9963375   0.99886912  0.99886912  0.9963375   0.98695304\n",
      "   0.96219075  0.90977201  0.81485835  0.66252531  0.44200762  0.1528347\n",
      "  -0.18788998 -0.53922183 -0.83496114 -0.99205554 -0.93286355 -0.62065892]\n",
      " [-0.6500367  -0.94589175 -0.98655193 -0.81342262 -0.50679499 -0.15039073\n",
      "   0.19031793  0.47581068  0.6905398   0.83631926  0.92490454  0.97185571\n",
      "   0.99236356  0.99886912  0.99995476  0.99995476  0.99886912  0.99236356\n",
      "   0.97185571  0.92490454  0.83631926  0.6905398   0.47581068  0.19031793\n",
      "  -0.15039073 -0.50679499 -0.81342262 -0.98655193 -0.94589175 -0.6500367 ]\n",
      " [-0.6500367  -0.94589175 -0.98655193 -0.81342262 -0.50679499 -0.15039073\n",
      "   0.19031793  0.47581068  0.6905398   0.83631926  0.92490454  0.97185571\n",
      "   0.99236356  0.99886912  0.99995476  0.99995476  0.99886912  0.99236356\n",
      "   0.97185571  0.92490454  0.83631926  0.6905398   0.47581068  0.19031793\n",
      "  -0.15039073 -0.50679499 -0.81342262 -0.98655193 -0.94589175 -0.6500367 ]\n",
      " [-0.62065892 -0.93286355 -0.99205554 -0.83496114 -0.53922183 -0.18788998\n",
      "   0.1528347   0.44200762  0.66252531  0.81485835  0.90977201  0.96219075\n",
      "   0.98695304  0.9963375   0.99886912  0.99886912  0.9963375   0.98695304\n",
      "   0.96219075  0.90977201  0.81485835  0.66252531  0.44200762  0.1528347\n",
      "  -0.18788998 -0.53922183 -0.83496114 -0.99205554 -0.93286355 -0.62065892]\n",
      " [-0.55925174 -0.90277665 -0.99874851 -0.87438263 -0.60168794 -0.26201862\n",
      "   0.07725909  0.37253178  0.60366101  0.76843049  0.87557974  0.93869816\n",
      "   0.97185571  0.98695304  0.99236356  0.99236356  0.98695304  0.97185571\n",
      "   0.93869816  0.87557974  0.76843049  0.60366101  0.37253178  0.07725909\n",
      "  -0.26201862 -0.60168794 -0.87438263 -0.99874851 -0.90277665 -0.55925174]\n",
      " [-0.46118753 -0.84791098 -0.99794535 -0.92396165 -0.6887493  -0.37023606\n",
      "  -0.03680535  0.26440399  0.50892495  0.6905398   0.81485835  0.89332247\n",
      "   0.93869816  0.96219075  0.97185571  0.97185571  0.96219075  0.93869816\n",
      "   0.89332247  0.81485835  0.6905398   0.50892495  0.26440399 -0.03680535\n",
      "  -0.37023606 -0.6887493  -0.92396165 -0.99794535 -0.84791098 -0.46118753]\n",
      " [-0.32132971 -0.75773327 -0.97669508 -0.97127026 -0.79070657 -0.50679499\n",
      "  -0.18788998  0.11513023  0.37253178  0.57289642  0.71755464  0.81485835\n",
      "   0.87557974  0.90977201  0.92490454  0.92490454  0.90977201  0.87557974\n",
      "   0.81485835  0.71755464  0.57289642  0.37253178  0.11513023 -0.18788998\n",
      "  -0.50679499 -0.79070657 -0.97127026 -0.97669508 -0.75773327 -0.32132971]\n",
      " [-0.13645656 -0.62065892 -0.91848491 -0.99874851 -0.89220853 -0.66067124\n",
      "  -0.37023606 -0.07479369  0.19031793  0.4075647   0.57289642  0.6905398\n",
      "   0.76843049  0.81485835  0.83631926  0.83631926  0.81485835  0.76843049\n",
      "   0.6905398   0.57289642  0.4075647   0.19031793 -0.07479369 -0.37023606\n",
      "  -0.66067124 -0.89220853 -0.99874851 -0.91848491 -0.62065892 -0.13645656]\n",
      " [ 0.09128874 -0.42710005 -0.80515239 -0.98415289 -0.97127026 -0.81342262\n",
      "  -0.57086809 -0.29854069 -0.03680535  0.19031793  0.37253178  0.50892495\n",
      "   0.60366101  0.66252531  0.6905398   0.6905398   0.66252531  0.60366101\n",
      "   0.50892495  0.37253178  0.19031793 -0.03680535 -0.29854069 -0.57086809\n",
      "  -0.81342262 -0.97127026 -0.98415289 -0.80515239 -0.42710005  0.09128874]\n",
      " [ 0.35018219 -0.17404272 -0.62065892 -0.90277665 -0.99966033 -0.9378429\n",
      "  -0.76684587 -0.53922183 -0.29854069 -0.07479369  0.11513023  0.26440399\n",
      "   0.37253178  0.44200762  0.47581068  0.47581068  0.44200762  0.37253178\n",
      "   0.26440399  0.11513023 -0.07479369 -0.29854069 -0.53922183 -0.76684587\n",
      "  -0.9378429  -0.99966033 -0.90277665 -0.62065892 -0.17404272  0.35018219]\n",
      " [ 0.61482584  0.12910458 -0.35712049 -0.73236077 -0.94589175 -0.99874851\n",
      "  -0.92396165 -0.76684587 -0.57086809 -0.37023606 -0.18788998 -0.03680535\n",
      "   0.07725909  0.1528347   0.19031793  0.19031793  0.1528347   0.07725909\n",
      "  -0.03680535 -0.18788998 -0.37023606 -0.57086809 -0.76684587 -0.92396165\n",
      "  -0.99874851 -0.94589175 -0.73236077 -0.35712049  0.12910458  0.61482584]\n",
      " [ 0.84395529  0.45459318 -0.02273185 -0.46118753 -0.78200886 -0.95755066\n",
      "  -0.99874851 -0.9378429  -0.81342262 -0.66067124 -0.50679499 -0.37023606\n",
      "  -0.26201862 -0.18788998 -0.15039073 -0.15039073 -0.18788998 -0.26201862\n",
      "  -0.37023606 -0.50679499 -0.66067124 -0.81342262 -0.9378429  -0.99874851\n",
      "  -0.95755066 -0.78200886 -0.46118753 -0.02273185  0.45459318  0.84395529]\n",
      " [ 0.98281051  0.75287196  0.35018219 -0.09867286 -0.49460739 -0.78200886\n",
      "  -0.94589175 -0.99966033 -0.97127026 -0.89220853 -0.79070657 -0.6887493\n",
      "  -0.60168794 -0.53922183 -0.50679499 -0.50679499 -0.53922183 -0.60168794\n",
      "  -0.6887493  -0.79070657 -0.89220853 -0.97127026 -0.99966033 -0.94589175\n",
      "  -0.78200886 -0.49460739 -0.09867286  0.35018219  0.75287196  0.98281051]\n",
      " [ 0.97300878  0.95538608  0.70065489  0.31429664 -0.09867286 -0.46118753\n",
      "  -0.73236077 -0.90277665 -0.98415289 -0.99874851 -0.97127026 -0.92396165\n",
      "  -0.87438263 -0.83496114 -0.81342262 -0.81342262 -0.83496114 -0.87438263\n",
      "  -0.92396165 -0.97127026 -0.99874851 -0.98415289 -0.90277665 -0.73236077\n",
      "  -0.46118753 -0.09867286  0.31429664  0.70065489  0.95538608  0.97300878]\n",
      " [ 0.77158563  0.98773718  0.94345884  0.70065489  0.35018219 -0.02273185\n",
      "  -0.35712049 -0.62065892 -0.80515239 -0.91848491 -0.97669508 -0.99794535\n",
      "  -0.99874851 -0.99205554 -0.98655193 -0.98655193 -0.99205554 -0.99874851\n",
      "  -0.99794535 -0.97669508 -0.91848491 -0.80515239 -0.62065892 -0.35712049\n",
      "  -0.02273185  0.35018219  0.70065489  0.94345884  0.98773718  0.77158563]\n",
      " [ 0.37711637  0.79522584  0.98773718  0.95538608  0.75287196  0.45459318\n",
      "   0.12910458 -0.17404272 -0.42710005 -0.62065892 -0.75773327 -0.84791098\n",
      "  -0.90277665 -0.93286355 -0.94589175 -0.94589175 -0.93286355 -0.90277665\n",
      "  -0.84791098 -0.75773327 -0.62065892 -0.42710005 -0.17404272  0.12910458\n",
      "   0.45459318  0.75287196  0.95538608  0.98773718  0.79522584  0.37711637]\n",
      " [-0.14550003  0.37711637  0.77158563  0.97300878  0.98281051  0.84395529\n",
      "   0.61482584  0.35018219  0.09128874 -0.13645656 -0.32132971 -0.46118753\n",
      "  -0.55925174 -0.62065892 -0.6500367  -0.6500367  -0.62065892 -0.55925174\n",
      "  -0.46118753 -0.32132971 -0.13645656  0.09128874  0.35018219  0.61482584\n",
      "   0.84395529  0.98281051  0.97300878  0.77158563  0.37711637 -0.14550003]]\n"
     ]
    },
    {
     "data": {
      "text/plain": [
       "<mpl_toolkits.mplot3d.art3d.Poly3DCollection at 0x10bc8aeb8>"
      ]
     },
     "execution_count": 7,
     "metadata": {},
     "output_type": "execute_result"
    },
    {
     "data": {
      "image/png": "iVBORw0KGgoAAAANSUhEUgAAAWQAAADuCAYAAAAOR30qAAAABHNCSVQICAgIfAhkiAAAAAlwSFlz\nAAALEgAACxIB0t1+/AAAIABJREFUeJzsvXmUJNdd5/u5EZF7Vmbte9fee7d632R5kTlCXkD2zAMh\n887D7/j4vDe2AQ+HB+g8sLGAsccwjEA2bzAwYDDYgoMHW94k28ggW3ar1VK3lt679n2v3LeIuO+P\nyMzKraqyuktytRzfc6TOirhx48b2jV/87vf3+wkpJTZs2LBh48cP5cc9ABs2bNiwYcEmZBs2bNjY\nJrAJ2YYNGza2CWxCtmHDho1tApuQbdiwYWObwCZkGzZs2NgmsAnZhg0bNrYJbEK2YcOGjW0Cm5Bt\n2LBhY5tA22R7O6zPhg0bNjYPUU0j20K2YcOGjW0Cm5Bt2LBhY5vAJmQbNmzY2CawCdmGDRs2tgls\nQrZhw4aNbQKbkG3YsGFjm8AmZBs2bNjYJrAJ2YYNGza2CWxCtmHDho1tApuQbdiwYWObwCZkGzZs\n2NgmsAnZhg0bNrYJNptcyIaNdSGlxDAMAFRVRYiqcqrYsGEDm5BtbBFM08QwDHRdJ5VK5ZcLIVBV\nNf+foigoioIQwiZrGzZKYBOyjduCaZroup63ioUQecKV0srWmiPq0u0SiQR1dXVommYTtQ0b2IRs\n4xYgpcQ0TeLxOJpm3UI5Is2RcG5Z4b+FSKfTjIyM4PP5SKfTRdsoioKqqjZR2/iJg03INqpGjohz\nbomXXnqJEydO3BJR5rZRVbXiPgzDKCLqXNtS94dN1DbeSLAJ2caGKCRi0zTzVqyU8pbJsNSaLlxe\nqc9Coi7c7/T0NJ2dnXmCLvVT27BxJ8EmZBtrIqeY0HU9T4K5/1RVrUio1WItQl6vfSWCnZqaor29\nvYyogTxBV5pQtGFjO8ImZBtlqETEilIsWRdCYJrmLe9js4S8Xj+lYwPrGKSUZDIZ0um0TdQ27gjY\nhGwjDyklsVgMKSWapq1JdlB5oq6ada8X1nN9AOi6TiaTAWBubg6v10sgELCJ2saPFTYh20BKia7r\n6LrO+Pg4LpeLjo6O13SfW2Uh38p+C/8FiMViOJ1OoJioC7cpVX3YQS82XgvYhPwTjMJgDmBLfMPV\n4sdFyGuh0D9eiFItdc6FI6Vc1/Vhk7WNW4FNyD+BqBTMkSMQRVFuyzcMFE2u6eEwWiBQueEPv88r\nf/D7DHzms3g6O8v6GP7MZ9CjURzBIFowiCMQIHjwAJ7evtsa32awlpa6UtDLtWvX2L17d97Vo2ma\nTdQ2NgWbkH9CUDjJlSPcSgRxu5N1hZj64he5+au/gveeN3P4S19C83jy69Kzs2Q++UkSsSTn9++n\n5qd+ir2f+xyupibSoRDPvu1tJAYHy/q85+ffied//B04XVsyRuCW5HtruT5yPnfTNItCyHNt7aAX\nG+vBzvb2BkfOP7y8vEwqlSrSEVcigWot5MTUFImvf50f/Yf/wNOnTjH8N39T5IKYffJJbvzKL2Om\nM0Sffprvd3cz+aUv5cf08jvfgR5LAiCkJPrd73JuYICXHvoFnt6zpyIZIwRNF5/B+fnP3OLZeO2Q\nO/YcuZa6M3I+Z9M0SafTxONxotEo4XCYUChEJBIhHo+TSqXyeu/t5NKx8fpAbPKi23fIHYLCYA7D\nMHjuuec4c+bMhpbYzMwMsViM/v7+tRtdvcR33vMfiY2OFi0Wmkbd6dO0vuc9DD/8MCLrEsmPCfAc\nPYqruZnYk09W7DoNJIBKo/T39vBuYwTp9hB74nlkexfPP/88J06cWPeYNsKNGzdobGykrq7ulvsw\nTZMXX3yR48ePb3rb3NeLlJKVlRXC4TBdXV0AFX3UtvLjjkRVF8x2WbzBsJ6GuJqHOBeBtx7Up75K\nb/8OXi0hZKnrLP3gByz84Af4K2wngOSLLxJ3OXGu0bcBBNsbCE8tlq2rbW+B8RFEMoHrvz5M8rEv\nbng81eB2Ig63oo9Sl4VpmvnJ1UrRiWBrqd+osAn5DYJqgjmqQTU+ZOWpJ+idGOdVRYEKbSXg8LrI\nxFNl60ygpwumblTuWweOt0V4JhZAD4WL1tV7VvNeOJ7+OplnngJP/UaH9LpgK0gdLDIufIGupaW2\ng17emLB9yHc4cg9mKpXK62dv5wHc0Ic8Nozy6kW8K4vU7NlVPh7AqUFfbbp8W0A6NA72pKlZY06u\nucVNkztNz+mDZesaEktFf7s/+Rso6XLSvxX8OC3kzfZTOjlYSL5gaalHR0e5efMmkUiEUChEOBwm\nFouRTCbJZDJ5q9vG9oJNyHcoclF1iUQiL7vaCktoI5eF+tQT+d+9Tr1im10tsKO5ch+NjR4UBTpa\nytdJ4GCLNdHXl74GBRa+0DTqpoeKxzoxQtc3/3HNsVaL7URMhRbyZlE4oZgj9lKiTiaTxGKxIqKO\nRqM2UW8T2IR8h8E0TTKZDMlkkhdeeCH/AG/VJ+lGLgv5zX/J/941dRN3a2txA0WwqxU8bmjwlm+/\nwxcBoL2rfJZDCfhpqLF+16UXaDi2aiU72lpx6OVWd/c3voiYHi1b/nojFyiyFf28Vq6PSu4MsLTU\nyWSSaDRKJBJhZWWFUChENBolkUiQTqdt5cfrBJuQ7xDk5FI5WVTO+tkqzXAOa7ksotEol//9abQX\nn8svU4GefQNF7RqbfLgd1u/OhvL+62qtf10+aKwpXle/pzjgY3/rqgXe1ruj4nhVPcPcDx7lypUr\njI+Ps7S0RCqV2jRxbIXLYitwOxbyZvspJepC94cQAsMwmJyc5MqVK3mJXjgcJhKJ2ET9GsGe1NvG\n2CiYY7NRddVYX6Uui0gkwuDgIOl0mgNXXkaUPHh90ze5KgRkl++tS+TXtTXBKxNgZjdRNAV/7ep4\nO9pgPrLaV1ObDxZW/25dvERg1wDh6zepc1R+4E1Vo0f5Js7WjxFLpFhcXGRsbIx0Oo2qqvh8vqL/\nnE7nmlF3t4Ot9CG/XoS8FgqDXnKJpgpD6u2gl9cONiFvQ5QmhIfKM+6qqubDnzdC7uGqZsLINE1C\noRCDg4OYpklfXx/19fVof/HpsvY1izM0Hz3C3AsXcDU20h5cZVSHE5r9MJMl3ZoOB4q6+iA3d4J2\nE/QsRweNYqmbEDCwt5EXr9+kMbZAJaTr63GnZqiPP0+w4x1F63RdJxaLEYvFioha07Qikq72HK6H\nrXQ1lFZRudV+tprY1yvJtVGll1Kytom6MmxC3kaoVJljvRt3MxZyru1GD2kkEmFpaSlPxLW1tbnB\ngb+yoqGvRmMOaNjdhzCKibOzaZWQg53FY1Ud0FYH44uAEARCI2V99y69wOW2VmpnhsrWAWTqA7iZ\nwzH09xglhKxpGsFgkGAwWLxNJpOPlJufn2d5eZlwOIzL5apoUVeDN5KFXAjDMPJ1E9fDRpVekskk\nV65c4a677iqacLSDXophE/I2QKGG+JVXXmFgYACPx7PhjbkZC3k98pZSsrS0xNDQEIqi4PP5OHr0\naHGj0BA0LlfcvuPaizgbGmhocMFc8brmBnCMQMaEYEMGSji9o9MiZO+ODjRzoqxvzcxw5M37Uc/O\nVNy3Uee22k18E5FcQLobK7YrhMPhKCJqwzDo7OzE7XbnLer5+XlGRkbIZDJomobf7y8iaofDUdTn\nazEZ90bop5Coc+QLa5fkgp9sLbVNyD9GVArmyN2o1UbVbdZCLt3/wsICQ0NDeDwe9u7di9Pp5KWX\nXirffu4CivcGUogyP7JmGPTctY8mszy6TlWhLQhjyxCs8FzXtoDHpeDvaQejnJAB2luTax6XrM1+\nTksdbeQfyez5yJptN4LD4aC2tnb1qyCLTCZDNBolFosxOztLLBZD13UcDkeeoKuJcKwG243YDcPY\nEhdKaT920Etl2IT8Y0Au4U+hdZB7eLbK6i1FoSJDSsnc3BzDw8P4/X4OHDiAz+cDKPJbF0LMXUCo\nYcyduxDXr5et71+ZwJsar7jvjiYYD0OgAq8KAe0DdYiAAyob4NAtMbu6UMbGylYpgVUlhmPo78ns\n/rDV6SawEQk6HA7q6urKcl2k0+kiH/XKygrnzp0rIuqcZV3NZ381Y6kW28VCzkHX9dt2feT6eeWV\nV+jq6sLrtXSVbySitgn5dURhZQ6oXA9uM4S8WfLWdZ3p6WmGh4epra3l0KFDeApSYubaVSJkZe5F\n68euZqhAyH6fgmhohtmpsnUNddB4CNQ1DMiO9jRREam8EqDBwLx7R0VCVgOx1d8rl1CWLmA2HC1r\n91rA6XTidDqpq6sjGAyiaRp79uwpIupcsiZd13E6nWU+6lKS2m5E+lpZyJtF4YRi7lwWKj8qVXpR\nFIU//dM/5eGHHy5zMW1X2IT8OqBSZY613t6vhYVsmiaJRIKXXnqJpqYmjh49itvtrti2YiUPKRFz\nF62f7Wu4D7obMDsU1AqELATsPQDMVt7Up0Rw1mdgqfJ6UReD48Dj5esc/pXiv4e+QOp1IuRCFFq2\nhURduL6QqKenp4nFYhiGUUTUuRSpt4utUmtshkjNeBzhdCIqWMJbRexQbG1vVEDgy1/+Mr/927+9\nJft9PWAT8muInGLi6tWrDAwMVPUZtZUWsmmaTE5OMjY2hhCC3bt309zcvG6fFccXHkakLH+C4q2c\nFSjdLEg2x6ituBYCnaxJyFJ1wNF6uLnGmGqXEIEZZCCICIdWt3O5cXlCRW0dI/9M6sgnQfOUdrMm\nXo9sb0IIXC4XLpeL+vr6ou0KiToajXLz5k0GBwcrqj6qJTXDMF5f14eeIfJffovxv/sK/je/Gf+9\n91Jz7704+/vzQSZbRcjVBr0U5qi+U2AT8hajUjDHyspK1Q/9ZifqKhGyYRiMj48zOTlJS0sLJ0+e\nZHBw8JYfCGXuQv63UEOYAwMoN4vZU29JULM3XLrpKvaDvACiwqElA3Vk9sxS6aNSCoEIzCI0E/30\nbrRvn1td19qKECNF7UUmhDbxNfSeB6s5tC3DrU7olRJ1NBqls7MTv99PKpXKE/Xk5CTxeBzDMKoi\n6tfbZeH6898kduk6ZihE+OtfJ/z1ryMB9b3vZe9f/uWWEjJsjmRtQv4JxHrBHDlLtppJjc1ayIV+\ns1zV6MnJSdrb2zl16lR+n7dTK0/MXij6W+5uhRJC9valUOpHkYE6RLjC7NwOoAeoICd2dLSgHbmK\n6XChZIp1cZlAPU7NUm+YJwz4dsE4mirb447Bv/+xEPJWWqRCCNxuN263m4aG1Rh0KWUZUcdiMUzT\nxO125wk6p9y5XRiGsSGxO772Fzi/8T+JTPWsjlMI0qdPM/+Vr1D/wAMkHA60ujp4jauZF0LX9S19\nCbwesAn5NlFNMMftkOx6yFnImUyG0dFRZmZm6Ozs5MyZM2U34u0Qcn5CL4toYJFgSRvRPAEC5J5+\nxLnz5Z20A7upSMg0+RGuDHL/IbhYLLkTLU2ARcjKwSuYqoqSPZdJv4KvQnfq/I/QmUGjtcLacvy4\nE9Rvpp/1iDqXyS0Wi5FOp7l48WIZUft8Prxeb/V+4Q180eqF7+H6898i7QqSGh7JLw/edx+Ew7Ts\n3k3qwx9mJZkk3NdHz8WLVe13LWzmJRMKhcqCgrY7bEK+RVTSEK81WbdZQk4m19bdFsI0Tebn55md\nnWXHjh3cfffda1ozt0zIUiLmii3kmpbp4iYtLQi35SCWA244R/F6D1AL7AW+VWEXTQoCMA/7UUue\nV9G0WrFaq4ljHLkLzr9srauvTBQZZy1zmW/QKP8PHA7H6/LJupUW8q30I4TA4/Hg8XhobGxkbm6O\n48ePlxH10tIS8Xgc0zTxeDxlRF16/6w3HjFxA88n348wDUI1/YD14g6+7RTmd78LpokBmDU1TGcy\nyOFhkleu4N67d9PHVzieal0x4XC4TFO+3WET8iaRm4RZXl4mGAxWVZlD07S8wmIjVJPBLZVKMTw8\nzNzcHB6Ph2PHjm04hlshZCkl8zfPsSNV7IJQ1BXM/n6UbCFS2dOKyM7Yie4KOSeasXJt7gUpQJSK\nOJoyVirOwxW2bSyJiDvth6wB7qyvbC3p7lpizu8xd+FYPnfFRpF2t4vtFjpdOKFVSNSF6xOJRJ6o\nFxYWiMfjSCmLiLpSJB0AkWW8n/gFRNRSuYSS1iSqcLlo6VGZ/res5h2Y37MHzp+nRlGIfORDnB0a\n4c0XL6LeAllWq2cGa+7GtpDfoCgM5kilUty8ebPq4pqblbKt1TaRSDA8PMzKygo9PT20tLQwNTVV\n1QO8GUKWUjI1NcXIyAi9mRcqt9ndCjlC3rFaQU80Xke6PIjUatY3csnofVi+5FI5cVNWS9x/DekP\nIKIFk4P1xWNWjq3mPha+ytplEaxH+G+w73Ar5qKDZCSCWVNDIpksirTLyc1yxORyuW7Z57jdAjo2\nghACr9eL1+ulqakpv7yUqDOZDC+88EIRUfv9ftr+4XdQJlfnEaJT1ku75Z3HycRWz4N2+hRtqTTN\nDgcinWb6ylXisTgjf/hp+j/5qU2PezOEbLss3oCoFMzhdDqrtnjh9qVs8XicoaEhIpEIfX197N27\nFyEEkUhkS4g+B9M08/rYSCTCsWPHUOdfhApuP9Fe4OfuXH0AhWpi7NqJ+srLq+sLXbm7KSfk5sXs\ntmDctQvth6s+aFEXz/9OJ2BlfpIJtZaZ6RUW/9t1VpYgmrIsMUUBnwcy8hzJlIFi7kaRElXT0Hw+\nzFQKTdMQioLD7yfQ34+/v59MdzdTwNjYGIZhFPlc/X5/xU/5UryeJZyqwa32UUrUc3NznDhxIp8g\nKBaLoS+/iLz2fH6bjHAQu3IdpaGerpoXGR3am+sMl1cjfvY5BLASDDIdsmSKk1/5yi0RcrWT42AR\nsu2yeINgvWCOisET6+BWCTkajTI0NEQikaCvr4/9+/eXxfZvRiK31mShaZpMTU0xOjpKY2MjPp+P\nXbt2IYQg3H4ZLwJB8fEK/+Dq7/ZocYc7a+CVgr8LCXkv8J3VP6WiIupWBcrysAN+aP0eWYQLv3+V\niSuQ0QEJDhNiSoiUCUxbY1KBGiBpQioGmsPE6RIYcYmpKGgul/Xyyp4rRQjcqRTpcJjFCxeQqsr4\nH/0RmstF08GDtP30T+N7z3tIpaz8yolEouxT3u/3V5UAarPYKkLeaiiKkidq9+Lfoy2uupfCwX7Q\nr9L8ti40eZHopUEUQDm5j/j1YQBMrxdHQz0degbNNElFo5y/5x46H36Y1p/5marHsRnlhE3IbwDk\nFBM5UtyKvK2qqm7Kh5xMJrl48SKZTCafi/h2JwsrkXchETc1NXHixAmcTifLy8v52fW06xKyvhex\nVCyPEOoi6c5OnBMTiOaSTGw9JXrktoLfJfM5ZkMLQrWi+6SE0cVr3LwMg2FIGiBFCkUBhwErZIuo\nmpI6ReBSJDpg6JDBqlidBMhIahzgqBGsRExSsRg+wIVFxobTiUylWCpIsq4IgSceZ/aZZ5h95hnc\njz6Kt6mJxpMnOfrIIzjr6vJljmKxGHNzcyQSllvG5/Plz1cikcDtdt/yPbMVLotbnRisph8lfhl1\n5llEdDUgJyIacO/qp9dzkZSjHWXFup7thxUmnrN+p+/ahXn2IgJodsOlth4afG5mv/tdWt797qrH\nu1kf8o4dlSvNbFfYhMzGlTluF5qmlVVYqIRQKMSNGzeIRqMcOXKkLJlNKW4121thBF9zc3OeiEvb\nKmoGQ4ygtwzgXCrXq+m7WtHmF1BqiwlZab1hWb5m9mVRSMhBkO0gshHWZlM989+Z4vpjsHADEuEl\nMgnwAF4HJEzIGGAAXsB0gJkBrymZMy0iLkSDC1w6KEkwVYlUFWKGSQyLkBNSEsteCw1rP0r2mIWi\nEMlkkEBscZFMIsHK1atc+4d/oPP4cQ59/OM0v/nNRfszTZN4PJ4P3Lhx4wbJZDKfxrRwMrFStZJS\nbIWFvJWEXGqNOif+EBlqpbC0S2Q+Ts/dXhQDokYHMIX3zGGEzL5YHA40vyADCLebVl+S5boafOkk\nl599lvPnLReV1+stmnit9AWyGUK2VRZ3GAo1xNevX6elpYVAILDln4wbWbLLy8sMDg6iKAq9vb0M\nDg5uSMZwa1F9Y2NjjI+P09zczMmTJyuqDXKpJHVxA4Qk1erGeaW8T9Gho+9ow6kMFy93Jkl19eMa\nGUQKVif1ctgNTMHsHLz6yhDLj0LCA/MF84C1KqwYEC45vPaMpUpeBIJgRfdpoDvAlYKJwveeaf2v\nDovQJRYBu4GE20U8mcLp95PIpImn0mAYBLweHEIhnUyyHI/j1TS8us7Sc8/x3C/+Iv7WVno/9CF6\nPvCB/Lny+/0EAgG8Xm/eIjMMY91qJYVEXXgNttPEYGl0nRK/grb4LxjLp/PLpAQt4KbB+BEA8SXr\nWJoOZ4jMWWRY87ZjzExaBN78zjeTvHaNPaPXmNp5AG8sw5F9+1A8HuLxeH7+YmZmhkQikXeV5M5V\nMplcMw9LKcLhsD2pdycgpyE2DCNvTeSIudoHIrdNNTd+JULOJYUfHBzE6XSye/duampq8r7ralCt\nyyKnV56amqK7u3tNIs4hd2xSXAMg2RahpkI7R90YmR1dFfvI9NXiGgEagJKiG+kuePZZmI2CShwj\nAGrEcjVLAJ8gk5Q0KtCkYBGuH4wFy22R49wk4BVQ74HprODCDQQUa5eKBARMSIFZ4vPvFClcHgeO\nZBS/gKQGCzqE4wk8QLsGUU3B63UTSaaJpdNEQiF00+TCr/0ak1/4Akf/6Z/wZBUKpZatqqoEAgEC\ngUDRfjOZTJ6o5+bmiEajRYqPTCZDOBzeVN6KUkgpX5MyUM6JT1tzCQurxxmr66WredzyFwGJsWXc\nR/YTVC8xO3IAgMbORSb/bRSttpb2tx5B+mpwfu1/4fX76EQQeuEFGt7yFvx+P36/v2gMhmHkiToU\nCjE/P593tZVa1KWuItuHvM2xXjDHZrTCsKotrqbETyFxliaF37dvX9FNuJlE5xu9PAzDYGJigomJ\nCYLBIM3NzQwMDKy7TW4Mpmli5Ai5eRKpaAiz+PxojiWSh3dX7MO9V8LTlFnHy+fhhx8GNW65IGYF\nGFmXswMw3BCKrR6/BtTXwGiBRFkBAkDADcIJhgl1blhJWiTtkZbseVaSZXhJ0K3hQ8etWobzWAzM\nEodHrQJNNV6IxZnVIYNJOBxFAK0uQUpzMx+JoAkBL7zAv+7ezaFPfIIdv/qrVbsaKiXBz7nLotEo\nc3NzTE1N5TPB3Yrio5pw52pQaCEr8atoi/8CgJhdTXnq3NuBc/YHVns0UlcH2fGBfZhSIXXpJt4z\nR0hLHZHJ0HrPfuRbfgaR+T587X9ROzlCYGmJwfPnaXjLWyqOQVVVampqqKmxTALTNGlsbCQQCBQR\n9dTUVN5VpGkaTzzxBAsLC/kJ2Y2uzZNPPslHP/pRDMPggx/8IA8//HDR+l/7tV/je9/7HmCpnubm\n5lhZWcmP8eDBgwB0dXXxxBNPbOo8F+IngpArEXHpDftaErKmaWQyGWZnZxkaGqKmpoaDBw/mE2xv\nNQqTC7W2tnLq1CkSiQQjIyNVbZ8jZF2xCFk6M5gNfajz5XmQEwNx/GVLQenIqjAKCHnsM3D9UZAh\nkE6YyYAioE4DNQMEQMShPntXSgmZWliJgUvBUlYA9UDCpTCWNLOzeBbcKjQBhrRIu8EBIQN0A4RD\nRWZ0hrJcogpodoFbdZBJZvAp1ngmQpbMTgU6NEhLmDdgISXpMBM0O0BzuYgnMghdZ/rTnyby9a/h\n+f0/wHWLE0g5KWV9fT1Op5M9e/Zkj9/KW5GbSMxF2ZUqPnL+1tw9vZU5lXOE7Jz4w7zSRkyvzhmI\nDi2fxS+u9ePsN6lVLxKTu5DJ6zTtybCwEkQGArT7V0j1H0KZsYjMMT4Cbg/O6cqVYioh50MuJeoc\nDMNgYWGBpqYmZmZmeOSRR5iZmeHo0aP89V//dcU+DcPgIx/5CN/5znfo7OzkxIkTPPDAA+zbty/f\n5tFHH83//sxnPsOFC6vRqx6Ph4u3GRKewxuakKtJCJ/DZghZSokxPIxRhbUppWRxcZH5+XkcDgeH\nDx8uSwq/VSgk4ra2tqLkQrkUiNUgJ+vTsxYygN7SWpGQQx1dNFGh5JM3hOyohbYVpITJ/wSXvwKm\nAQ1uiKiCNilJZMDjtJ5pvUCcUata00aZbFUoJ+BToDkACSBomGQ0CGdgJQ0dPlhOwXjhJUyDJmCg\nCTKKZYk7BGSkRdpzSehucJOIZ0iZ0OaEsG75rQ1gUgc/sEcDw+NhMZIgDGh6kuY6H+GlGIuRCOqr\nr5L83/4jjV/8ErS3V3WOq0Fh3oq1ouxyVnVO8eH1etE0jXQ6fduKj5ylrSSuoy1+2dp3xouyaDGw\n0b8TkVpVW8QSDTS9KYMQEA034toHgcyrDA3upe5oL/Lu+0AIzP2WNSkyGcy9u6i5caXqL4yNssap\nqkpLSwsf+tCH+OIXv8g3vvGNDfPDnDt3joGBAfr6+gB46KGH+OpXv1pEyIX40pe+xCOPPLLhWG8F\nb0hCllISjUZJpVL4fL6qFBPVKiFiQ0Nc+PCHWbl0ib4nvwX7D1Rsl/NzjY2NEQwGCQQCa17g20Vu\nsq5SlrccNuMKURQFQ65gitWcFak2Dder5W2HuuoZWMPAMXc1QGCFhXfCjRehvRaIwGAaMqY1FqcD\nFiXoBc9LrQLzEvSCCT0B1HthtDgfPWDJnlMGtHkgJQTzCUkqA/U+i5BH5iHneRZAmwt8mhXCPbG4\nGu03ka1e36iBy+HAl86wZMCcDkQStDhhIQ26hKmlGC1uSKVhNhqj2amx+ODP0/TUU3gOHd7oFN8W\n1oqyyyk+5ubmCIfDt634yJGfc+KTeevYjHSiYr2Y9Xc24XhuNXJSly6aXZaIPD6ZofFYEAMvqZkF\n9gdDZN76P6yGdQ3I9k7E1ASys57G7z5H7OYNXDt3bXjs1aoscvd6zgBbb85kcnKySB7X2dnJc889\nV7Ht6Ogow8PDvP3tb88vSyaTHD9+HE3TePjhh3nve9+74fjWwhuKkAuDOVZWVlheXmb37so+zlJU\nYyHP/PMzOJbrAAAgAElEQVQ/c/5DH0KPWA/xwuf+nPrHPls2homJCcbHx2lqauL48eMoisILL1QO\nQb4d6LpOKpXi7NmztLe3c/r06TVv1k0rMpTiRPQrdbMEStoZrloGW1XkpAshy19mZoNk+WOwtAAN\nKuiLMO+0KlCD5YZwuKHRBQ4/aNkJvJQB3qTlG06b1t+qAyZL4k9UoMkHE0UR1BIF2N9kuTyWS/I0\nSSwrOZa0+u32QExxsRBbHb/mdoEJGZcTXzpDRLce7tm0ZaU7FVjWYTZpEXuNBnNpnQZd5+Z997H7\nu9/Fedehqs51KW4nZWZO8ZFOpzFNMz9fUKj4WFpaKlN8FJJ1IXGZpokqZtAW/nl1fCuW71s6XGTe\ncgPnt1ad+/72NEr2xaqvJKhrv8SSdojmY24M9zRmz/7VvvcdRJ2agEY3WjqN+9WLyC0kZNha6WoO\njz/+OD/3cz9XZKWPjo7S0dHB0NAQb3/72zl48CD9/f231P8bgpArBXM4HI6qP9GhOkKe/fSnaXE6\ncdxzD3MTE0z+4FkG/u1fUd72U2V+20IlQ86HXS02UnDous7Y2BjT05YFW8kiLkU1SYuK9q+VlO/o\nXESqboSxynCpQCemKkh7duOKv1zUXJ+A0KeGiBuQyEY/J90WIe6sAacOURXmI0DE0hMbCqTdEF+N\nlkYCTX6Yi0JPDbh9gANCpooaMpgoIWmAjh7BzIjMxxa2e8DnhaUkBBAsxVbXzSUAUrTWqjjcBh4V\nFiYtck5ghWO3tDuYnbKYJmZa/3U5QQvU4ApHEBnodUBadeBMpRh/6EG6vvOvODo6qzrfW43Se2ez\nig+Hw4Hf70fXddy+ZxAU3DeL1j2tv/kwSmwRIecBMAKN1KTPgoAkLQR21aAISTRRS1f0h8yfegh/\nATnK/Qfhu99CBLKW7MIc1Twh1SZf2owWu6Ojg/Hx1QK9ExMTdKyRt/nxxx/nz/7sz8q2B+jr6+Nt\nb3sbFy5cuGVCfu2zmLyGyE16pFKpfMmaXHJvh8NRdV5h2JiQjViM+KVLmOkUwufDU1eHM1jL1O9+\nnKFrVzl79ixSSk6dOkV/f/9taUvXkrPpus7Q0BDPPfcciqJw+vTpqsN3q8llUbiflWhJTmPNxGwq\nvsliQetzOeTrLlouDQj/Z3D6YCnrYqj1QsCEliQQsVRS8yVk6mooJmOAhhqLjAHiEViagaVxqJUG\n6Sj0uWBPDXQ2gapAVxcsjcqiQO9oAmYXocsNNQ43zRVkrJGQQT3gSoC/IMmyacLsVIbaOvAHVXw+\nGGj140hDXSyOTFuWeMwEDYkhoX5ulsR734E5Uf1kFbz+CYpyio+Ojg527drF0aNHOXnyJPv376eh\noQFdxhEl8wOpMeuCpu6PIqZXtfL6zgOoIpunWnbT5LAmvWpcEs1MEzt4rHiM++8CQLizrqSlNQoq\n3iLC4XDZhN9aOHHiBDdu3GB4eJh0Os3jjz/OAw88UNbu6tWrLC8vc+bMmfyy5eXlvKtzYWGBZ599\n9rZck3c0IRfmliitV3erqom1EHvxRTBNgqeOs/jUUxCNkhgZ4eboBDWP/wOnT5+mt7e36s+p9VBK\nyLquMzg4yHPPPYeqqpw+fZqenp58yfNqLN9q2kWjUS5evMjS0hK+2umy9ZnWxqK/I3XW5+usr6Fo\nefxTENRgagY8XtgVgLQOmayPVgLLJV/m3lqYnS9e5vIpLMYoQ3MHLGYj/aIpWIpAeh72tVsqi5bG\n8m266mF5EcIrCTJJ6GuHhmw7RYG+Dg8rMxBeAkcG2kpy268sQ6PXYFeNA2YsKVwoYeBrsQIPMgZk\nBCBgJSNxzM4jHvpZi62rxHapOJ1TfIiuK9SaxUaNcyFEuqkVcfQysRvp/PJwAfe5GtyoJDFdQWpH\nfoRe10Sq966ifmSWkMkYyJZmy6+1hVhZWalag6xpGp/97Ge5//772bt3Lw8++CD79+/n4x//eJGE\n7fHHH+ehhx4q4pkrV65w/PhxDh06xL333svDDz98W4R8x7ss1iKarbaQo9nwTkeN5TtKj4+j+P34\n+vqQf/OXKL/6n6GuYc3tN4OceyFXCWR2dpbOzk5Onz5dNsOcI++N8vuuZ3lFo1EGBwdJpVIMDAyw\ntLyE4h4va5duU3AXqHuW6yzB27DfycHsssz3wPMKLEagrlGlJmYQD0C8QEEhaiBa4Pf1uQEBdXWW\nCsOU1r+6D/QSQvYFYbFCsVSHE8wQhCLWTb2zBYwMjCxZyox4SVWpbLoFBnZYPuGF0dUwQT0N0Rno\n6vYxOR5DAgPNoE5DymngrYV41vIPzYYItvqJz0RJJHRqGj3IhQQLSZ22wSG0/+f/gj/+yzXPfSG2\nUwpPiUm4/hl8E6sXQJoq2vw06fefAWWOYMwFgBFowqGtknMmOokHiNR0EzReZmXvXjKituj4ZFcP\nMhBExhTob0csLW48pk1WC9lMUMi73vUu3vWudxUt+73f+72ivz/xiU+UbXf33XfzyiuvlC2/Vdzx\nhLwWNpuQfaOot9DZszj3DDA/ZlmOTfecIv7SZVzBIDfTAsdf/n/U/ebHbnvcOeTyHu/YsYMzZ85s\nfSUQIBaLMTg4SDKZpL+/P18SaCo6g9uox6EWf0YmWpeKJvYWGlyAZNyrIxU/zEfR/qdlFPr8IBYN\npCwOiXYEwOGFg15wpoA46DWwUmIdO3sgPGHiaBbgkGQEhFOQkBCr8N5sa4OV1Ql/4lnS3u2zCH9o\njfqrTaoVAWg2qyzNFV//5dEYrfWCBk2SyUpvZdpEquDyWZnlAEKzUXxNbtLzSSILCerqQF/OsNjk\np/mL/4jy1nuRD/xi5QEUYLtYyADL6gV01zzuguIEZnQHCmPo91sTvsqMtS55fD/eZesNZTR04Z+x\nrF1nwKquHd7Zw+LiIouLi3nFh8/no3vnbtSQgdLtQ9zc2ELebKa3Oy1sGu5wl8V62KylsVb7RCLB\n5cuXWTl7lo49AYyZFdSaGrxaBjk/T+w738GhqIx97i8w1yH03ETdeshkMty4cYPFxUU0TePMmTN0\ndXWt+3BtZrIuh3g8zssvv8yrr75Ke3s7J06cKKrPtuyOEDbKJ6RSjVNI52oYyGyumr0QJL17EH8G\nIgVGI4iswRNrhsSC5R/uOgjdXVAzA45ZkCtgpoutZbBcGokQSB3Sc5L0JMgJ6HBC5zIca4O+DoGW\njclpaS8m40LU1QjMOdjTA4ESV0ZHO6RGQI+Cf8mgo6M4yEcIaHe5qE+CUmC66AlwKKC5VgecWEni\nbLC+UpaXwV0H8fkoK34f/NZHmXj5RRYXF0mlUmtaetvJQp50fgMAZ2o1CESGGjGOH4ameTAlyqz1\nFbVyWkebswyV1MBOlHgIqWhoqSTSW4M4sIeuri5OnjzJkSNH6OjowOFwEOnuJzEXIVq3QnJ6kmvX\nrjExMcHy8nLFr9vN5EK+ExMLwRvAQn6tcsfmksJHo1F2+HxEU0ka1BkuT07R87NvJj5lWQQSkH4/\nK9OT/GtnB/devYZW4c2cs8ArPSjpdJrR0VHm5ubo6uqivb2dxsbGqiuBVDtZZ5omr7zyCvF4nL6+\nPhobGyuev2V3BINmyhwwQmA096NNvITpqiXiWyWWxEsSzyWQe0HP1kSVEqICuu+C+nlgAWZL1XEN\nlhyuEK4dECr3mGBErQnDzDT4kex3gXbIch9MVjjeuk5ITlhjTI5AoxOa98PNS+D1gmcln4IBUwcx\nmaavA4aynQ20gnM6SQZoboKZAis+FQFvHUR1y70iFGhrzFDbqOCOSjQhSTXBskPFmEvS9tjHGX74\nT5iYmCCVTZSfk5vlJGfbxUKOKxMsaxfQUgqaUfCVtOgi867sBVxqQ2SmMGtbiHcuoIStT5J0vRsv\nYOzch/LKNMZde4m6DuHOEmmh4kO9+82oX72KujOGGYvS2tpKNBplfn6e4eHhIsWHz+ezglSqPK47\n1UK+4wl5I2z25oxEIgwPDxclhV/+xjdoedNBQloKxbVIj3KJ84OWVdr7J39Cw8//PCMf+U8sXHie\nkf/6B8jaRnb+1m8V9VvJ15tOpxkZGWF+fp7u7u68a+LGjRu3lee4FIlEgsHBQRKJBLt3716TiHNY\ndIVZVoKlqYsByLTWo01ApnY1qZDQDbxfugw7wYhj6cUA50HoGbOsZgQk68C4tNqXBKKmAgWyKgmk\nK8Tn+FshVZJ2WaYgIKBmFFo7YSQGiwW+Yr8D0gXtzTSYl2DPDnBoGpHhct9HehJ2tkFagGeqYPk8\ntLbCTMEYEssQbAZ3jZu+WBLHAtBhQsQ6EJeAVjOM7HESf+4cA6lZOPQm6zxmJWfRaJSZmRmi0SiZ\nTCY/gbuZ3BWluF1CnnJ8EwB/qJgeZEbFOG3lNFamW4Ap4sf24Zm1rFnT3wAZ6+IZu4M4n3wF46d3\nk5At+Cq4GswDd6H+XRKlcRQzahKsqSkj0XQ6nT9PCwsLhMNhzp07h8vlKtJPl1bSXllZoaWlNM3g\n9scdT8jrEYvD4ag630Q4HCaRSHDlyhX6+/uLksJHn3+eds84o9EdtL3tOKhDGCvTEAjQ/Eu/hOr1\n0vvYZzF/5h4Sly4xevY8PYcO4HjHu/P9F04aptNphoeHWVxcpKurq8xHvBk3xHq+72QyyeDgIOFw\nmP7+fkKhUFFk11pYcoUIOTwgVRDFfadaTTxAoq45v+ytf/cD3KEE0g36GKCB8wioSazQuCxipcW0\nuyE9WnyczjYIlws8EGucDmUum1pzAroFdHfD9UUI7hGkz1d2DTid0BESjAUhFipfL5KwL1hudadn\noKkV5rOkLBTo9EO9O4nIRRBOg6xXEBETGQVqQUTTuAdqyPzxb5L562eBykmGcsZAbW0t0WiUxcVF\n4lkdoMfjyZOP3+9fNyT6dghZJ8aMw0qi4yvxuxsHnQhHturKtBX+v3I6jSf7O7lvP65J6yKbAQNU\nDXNvI0aFvMoAcuceiKdQtBSysxuWl1alL1k4nU6cTid1dXX5/B19fX2kUqk1K2l/7WtfY3x8HK/X\nW3UgyUbJhT7/+c/zG7/xG3nN8S//8i/zwQ9+EIC//du/5Q/+4A8A+J3f+R3e//73b7i/tXDHE/J6\nqCYB0MrKCkNDQ0gp8Xq9HDp0CJfLVdRGjczij48Smqrhrv4VwlonMA0PPICaTRDkaG4h0N/F1NA0\nzft3M/1Xf8WON70FkdVC5iqBTE5Osri4SHd3Nzt37qz44GzGDVHJQk4mkwwNDREKhejr62Pfvn0I\nIbh58+aGfkoDkyVnGEOoSLMXIYoDRBJtC9QCSz7Ll1w3vUTv98aQXssClXFwnQBFBTm8yseGy3Ib\nFCJdIbeSUYFHvAOQvFm+PLgXjMI8zRIYtXTJul9SgdcBaNSBlQzdNTAagFgJ8ezwqjjmDRr2+lm8\nUiyWNmYh2CiIrEj2dkFtEjBBOgUiLcEEoWSLHEiQaQGaRAlFcCqvIL/9GPpP/+oaI7OIuqGhocin\nb5pmPndFJBJhenq6Yki03+/H6XTeFiHPOP4VU1ik6o2ufl9ICcbh1YsgZsCobyO6a5zaly19evgu\nhcZ/msFo6UGZB3PvPszGoxiLa+SfcDqRTS3AEPQ1I5YWkQ0VNItZ5HzIhTk+Cs9TLsfHwMAA58+f\n56tf/Spf+MIXcLvdfP/731/zvq8muRDAL/zCL/DZzxZH5i4tLfHII49w/vx5hBAcO3aMBx54oKp8\n5pVwxxPyRhbyWtK3wqTw/f39BINBLl68iK7rRYQsTZOa6E0MoeFpqMGfeJUZrRfhcGCWiMd9D36Q\nwJ8+Qk1DI6Nzi7T//u+i/eF/J5VKEQ6HWVpaYmBgYE0izuFWa/Alk8m8OqO3tzdfDLXwXG1EyIti\nBSNrjsbpxkcxE2Zq58hoAWZ91kvuvr/5Hp6FNAIwo+A6Yul6MUAUnPq4z1oGoNSBZy+gOajpyaBk\nFBwLJqoDUgmI7RAkUpLEHCSnQHOWVwYBcJmrPuBC1B6GwCvgfQsM/QhkwcbBneDK5tOXEcpIueFk\nEN8ly2yumYuS6IH4SEHnEpyGZN+pAMHh7EZpMDq8aMNZ2cUcmL1elKk4IiaRLW5ELIlsdOH68n9D\nf/v/XTAjWND1GtemUJnQ3Lz6ZZILic5Z06Ojo2QyGdLpNOl0mng8nifratQJEoMp5zfzf3sSq5K3\nVP1BaFn1NykzERLH9oIYxDEXQTo8hHdO0jI9Rube4yg3DOQ+H0bN3Rhza0/Gya5+TPMsossJiwuw\nc+1UBxtZu7kcHw8++CBPP/00v/7rv87Ro0fzQWNrYbPJhQrx1FNPcd9991Ffb81w33fffTz55JO8\n733v23DbSrjjCXk9lGqLc5nXhoaGipLCr9UeQB+9Qf3ijwh5d9HrW4AoRGejND74IHONxW/z4Hsf\nIvO3nyCqC0ypk3z8H5g7eZqZ9k7cbjednZ1FD9RaUFW1qkRHYD2sqVSKq1evsrS0RG9vL3v27Fnz\nwd7IepoRq/KjedmKr7SBEJht/cQ6azn07xfwz8YREkwnaHWWMgGAAl+ulBbR+t5kBYo4UyCaofZS\nBuYh70OuAd8i1MezrgYXGMch7IaFAxApSG7k6QR9NRldEfzZU9d6CTyH4OoN0LOuicbS3BYR2FGr\nMdoqSacM2scLLOKkNZk35gGzQLrXeBQCQRMKCqWo0zGr0mpWMSJChvV5ILHMfgnKfAopU7j+8VdI\n/e9/UTbuzVq2a4VEv/rqq9TX12MYBpOTk8RiMUzTxO12F00iFqbsBFhSXyCprIq8vcnVT4f5toPU\nU0jI06w8ZO1Xm50mtfsuXMsmQr+BfiiE66kEHAfTuxddf2nNF4Lcsx+ZCiI604jlRSo7mSzoul51\ntZBQKJS3Ujd6GVWbXOjLX/4yzzzzDLt27eLRRx9lx44dFbednKw0xVwd3tCEnPMhSynzM7eVksLn\nUImQXfPXUaWB2txKcPh7lnLg5hj7Hvtz5mIlUQtC4Nm7k5VXVtjhTjDYtoOBP/wv9PzgeYbHxzfl\nF66mbTqdZn5+nlgsxq5du9i9e/e6lkA1E4CFhDwmAvRUaGO01zET0Pn5py7imM4gFVCaKHK6ytms\nu8IHHIaG2SxZpwFhuTZKRyqT5cvUFqi7BnVA7IRgxSFZvAQ1DVa+jFJ4doKyWhCb4DAcrBdcr5E4\nvOAsLw2IWNHp7oD4QXD8sOTLZBw6jgjGf2hRhe8w1M2CmIvCTiCbg0lIkHUaIpJN9bqUgl3AKIiF\nOGavH2UpCqoD7QdPkHrX/wt1xWd3KytO19bWFuXbllKuW6TV5/Mx2/tvRX14svIXicpMXZCcylFG\n/Uini+jAOErShbIyRvQde/CMSaSvFrNjGBxdyOYdINZWFwGY+w/BXA1K6yxicX0t8mZ0yFtdvuln\nf/Zned/73ofL5eJzn/sc73//+3n66ae3rP8c7ngd8no3sKqqLCwscPbsWebn5zl48CB33XVXRTKG\nNaL1ViyLwee2TKukpwXvwYP4DpVn80omkyz1H8UdHaEluYzS3Ix2/RrmZx7dVCj3Rj7kdDrNtWvX\nOH/+PB6Ph+7ubtrb2zd8mDdLyJdl5ei/eI9k77PPI72ghMHsFZiFCYGM7CTcbuAM4C6wnMG66yaL\nxyoDQKV0BgUyCd+KpGMeDnSDv5Gy0lAABeKPPLxhycEMtJemqyuA0KFljflO9SVJ0xk3aj20OwqO\npeQ2ErM6sn31nMlxYdWUAkTYKp4qZjKIxQSeL/2fZft5LWVvQgg8Hg9NTU309PRw4MABTpw4wbFj\nx+jq6mK+RhITBYnnDYnbtHR+i4HTeJTV2U9luoPE8d2WATLTCEJh+a4p3OMCff9ulJEu5L569IBV\ne2+9hEBy/0Fkyo+oHa88w1qAzeiQI5FI2ZfDWqgmuVBDQ0PelfnBD34wn71xM4mJqsEdT8iVUFje\nPlfBef/+/RtW6KhEmiJLyCLrxQw7dtD+0Y9ay7LBHslkksuXL3PhwgUc9/0SHf4EoY49NKgJUnUN\nGH/0KRyT47ddKy+dTnP9+nWef/55/H4/p0+fpqGhYVN5jjci5GlWxbYJVQXZXdYm0inZ/fJNtBmd\ndLOG6JCIgi99ow6S73ZBN6BAOlFC7LVYE2AFMLotK7MIHmCswnH0QG0M2t8Erp2ry6VH4LxR3h5A\nbYCgG5S2yuu14wrOIRA/U/ml5ruSYsc9oBW6PMaAI8XtpMckV2xZJCQ0Y7kypIHst7LrS08N6qVL\niLnLxdv+GAJDcik7n2tP4HavXsRg3IuSnUs423AXzvhq5E1qxMXCMaute9pLpucAhj+OczKKcZdE\nuVGP6J0iE7CS8Kx7TIEg0l+PokiEP712OzaXenMzdQWrSS6Uy6wI8MQTT7B3ryUKvf/++/n2t7/N\n8vIyy8vLfPvb3+b++++var+VcMcTcuHFzuUiPnv2LJFIhIGBAerr66v2O1Um5Dmk5oCUdQMadZ3U\nZk+4EIJLly5x4cIFGhoaOH36NK3dA6gNDTicSbpGzhHefwCSSQK/97u3TMi5CL7nn38er9fLmTNn\n6OjoQFGUTU0ArkfIyWSSl66+zLJaLDlIyN6ytubLEpcrhTIH6kEd6VydwNN3gRoAd06PqgqcC8VT\nchVfH6kKD203VMzJmC244kxAawMo7/JjugTyVB2iQjIigPQODUWCe5eGUVfyoDrBG7HOi2tWWrk1\nSyAHXLgrGT5xrMTMWSgTBsYpizTMfX44ALwDxNt0xIEI8h4nYjkNSxlc3/54UVebSRm5HjZraS+L\nFD/SZsiI1QidYMKyBqXi45neHpp8q5UBhAyS3G1Z05mbEWZ6ss/X+BSZA5cxlzSU2jkMf5WJ+tut\nt6TwR9Ztttnk9NWimuRCjz32GPv37+fQoUM89thjfP7znwegvr6ej33sY5w4cYITJ07w8Y9/PD/B\ndyt4Q/iQc5MXufL2x48fx+l0srS0RDi8RhKDCqhYNWRlFrO9G5HtJ3Dfu0imUvkovvb2dg4cOFD0\nICk7DxN49ll0bxC/L1ux4OyzOIYuQHYmdz3kSLYwuVAlvTJsPvF8adt0Os3Q0BBLS0t49pR/4i3K\nVkqDqOsvXoOoQvqYwC0z5IK5jG7gAIgfrbZNNrrw3SwwKyUwV9yfdIFSXh1qbRRE9gmgaylK6F4X\nGbFO6LphPaTupE7yHjfGtwxE9t2rvEmgRbL14pLgOKSRGSu21ly7TMQsRX5jwKozdRIoOGYR0dF/\nSaAlshanB4iCiErMAQXRloSUivryC1Yctma9YarN9bsRNkvI33ZM0SqToKzeGzUx61zONr6VmKri\n0Fc/yzP9tXm/TX0Mpt+RRiQdyFoXim+SpJkkJnbz6gtX8Pl8pFIplpaW8rK8svHWdkEUFN982bpC\nVOtDzr3YNvNy2yi50Kc+9Sk+9alPVdz2Ax/4AB/4wAeq3td6uOMtZCklFy5cIJPJcPLkSXbu3Jm/\n6FuR8U2szGJ0NSHCFusM1e3gpZdeoqmpiaamJurq6souvP5TD+HyS8yBfdTf/BFGq5XL0XP2qaqP\nKReR5HQ6OXPmDDt27Kj4kG1WIpcj5Ewmw/Xr1zl//jyBQIAzZ86QaSy3LMZEcT4Ax2yaQHyOdJ0T\nt8ggJYjrYLSCOAoyWjzGVLr4AZRBECW+YrMPlFTJvlWgQvh0bJcLKiSl90iDQFOEVG+531vuBUdi\n9RzVziUx3r2qH/E4i/etjcRxFHx1KodATWYJulLw1yR5f7LZIBDHoOgtliD/WaDIJEIDGh0II4nj\nh5/MN9sqH/JmXB9pDJ5yTNIpE0XLvXHrJfqjtkM0mTqiwCcV7iq4gKqDVNMSvokmlCNBZEoj0BTF\nteOnOHLkCG1tbSiKwuLiIpcvX+bcuXNcuHCB69evMzU1RSgUQndYKgXhWT9/dLU+5Gg0WnUu5O2G\nO56QhRAcP368LCk8bE1OZLEyS6rNg0gnSXvrqB/Yz6lTp2hubs6rOMpw6j3gETiUCI50EtdBq4qw\n88oViM6Vt88il4A+V8G2muRCm7GQhRCk02kGBwc5d+4cXq+X06dP5ycEp0W51O6qKNbL1p6LYroF\n3pQ1i2c6wHQqiNPZm2mmgAgkeMZK+qzgxk8rFSYPeymqKJ2D3lZ5ojHW58GZMRF7JbLkIyRdYZvm\nmRip+/1EDgVwVcj8qC6Ckp0g1HoKVsxCWUx5DDgE+EH+tAPFyPqPc0ixetzT2QDIRBJOx9AufCvf\nbCtVFtX2831tjrCSoVkW+3o8iRApUcf3GuvpLSDrjNxBxmfJaURaJd1quSs84170Q2Mos92owUsk\ng4dRVTVf+2/nzp0cPnyYkydPcuDAAZqamjBNk+npaW5MWi9LQ95gcHCQ2dlZotFoxfu6muMKhUJV\nT+htN7whXBZrkdLtEnIsFkNbmiHsbqYGUHcdp6lAR7ymdaqoyPY21As3kS43mt+wAhjGI6jP/zXG\nvcVhmbqu58s/dXZ2cvLkSS5evFh1cqFqCNkwDCKRCHNzc/T29lZ0f1wwy7NjhYQCsgPEJOgGrlmd\nVJcDx6J13DIJ8q2gCDAVcMyvno9UUMMzUkzIMgxoIJtA1gNBiOPB7FbxjidXQ6TXCK50hip/8QgP\nsAJOXUfuBilADILUQC5X3ISWUJTZQ3VwuXydSIHzAKQbsyHghajkIhwG3gNq2rKk1Xnrq0HNpe0U\nWUmfkR1r1FJ20DrK+L//MamO95BOp3G73VtmKW8EieQbTuszpJZi/60zMc/14BkMVaE9ver2m+Nu\nEFYhU89cI6GD1otZM1zQMoUYO410zGH49oOsXCXa4XBQV1eX1wmLpAvOg1NNEwwG83krcmHjXq8X\nn8+Hruskk0lcLte6xHynJhaCNwghr4VbJeRcnuBUaIl70nG8nZZ5I/sOVWxfCbL3FFwbQbYdQFuc\nhK5OtKEJlOf/CuOtvwGKWlQturOzkzNnzqCq6qZq8G3ksjBNk/HxcSYmJvLBMK2trWXtdCT/IgO8\nsxM+YakAACAASURBVEIfSdmHW0xScyWBVAWatI5ZKiDbwZEys30oOAsSBcU8XlxYD3Nsh5vYCS+N\nsSWEXJWOGTXQMB2GFjDOCOKKh0xawzuRwF0Sn5